-1.286877449198427226e-02
3.187490007732486641e-02
-1.195679943129351018e-02
3.155577234404942366e-02
-1.048989047374619503e-02
3.100404881085349826e-02
-8.544983662238127969e-03
3.019319813697246557e-02
-6.224600305062013249e-03
2.909220656528418297e-02
-3.651865215556243226e-03
2.767094906168831095e-02
-9.644065353854224193e-04
2.590609095642300644e-02
1.692622743908096328e-03
2.378689934155747004e-02
4.174102246779188077e-03
2.132033746947613329e-02
6.342726787446854170e-03
1.853486896862531139e-02
8.076616390236410897e-03
1.548250730210832225e-02
9.276329865570805827e-03
1.223879988416895492e-02
9.870855786957654851e-03
8.900621726473791767e-03
9.822181435449096193e-03
5.581853505627678950e-03
9.128098656046282691e-03
2.407215183886853970e-03
7.822995211203635432e-03
-4.952992967033526851e-04
5.976497291596781329e-03
-3.002804300590252318e-03
3.689966147579754659e-03
-5.006053981915221766e-03
1.090999250614297809e-03
-6.417427879294274398e-03
-1.673768085646060080e-03
-7.177709288949575203e-03
-4.447133951626591579e-03
-7.261086754884721502e-03
-7.070543591181875469e-03
-6.677950146205101183e-03
-9.393448991403510057e-03
-5.475230441890563404e-03
-1.128219596455393506e-02
-3.734230370460943013e-03
-1.262784652998340945e-02
-1.566093693386148801e-03
-1.335241719870950382e-02
8.947534891764640690e-04
-1.341312760250307733e-02
3.498701386478825833e-03
-1.280439932953726830e-02
6.089996050532012033e-03
-1.155750943844704483e-02
8.516061596877479850e-03
-9.737972850721893225e-03
1.063644303478145960e-02
-7.440888326304266262e-03
1.233075722535991250e-02
-4.784620807002889706e-03
1.350513606625303002e-02
-1.903297756439275776e-03
1.409677918583071045e-02
1.061338722496192859e-03
1.407639012900340630e-02
3.968162274337802380e-03
1.344843580949268459e-02
6.684437180347752028e-03
1.224932956430303116e-02
9.092662746837329446e-03
1.054378057017038399e-02
1.109610692201906668e-02
8.419666278017153699e-03
1.262276553532121898e-02
5.981862779158363813e-03
1.362761116137251559e-02
3.345507191212189913e-03
1.409312309988255095e-02
6.291664605799658899e-04
1.402820721645743271e-02
-2.051648052833261304e-03
1.346571307804160338e-02
-4.590245022379731490e-03
1.245882998155294595e-02
-6.893506746710971467e-03
1.107668982531237294e-02
-8.885439476465365610e-03
9.399522697728767556e-03
-1.050942875583706776e-02
7.513702374338757616e-03
-1.172920378886267018e-02
5.506987422066125619e-03
-1.252859884291378581e-02
3.464214508887706895e-03
-1.291026703791406730e-02
1.463639772749716298e-03
-1.289354961527614495e-02
-4.259421775720276205e-04
-1.251173100376964074e-02
-2.147238174209328918e-03
-1.180891755680565577e-02
-3.655652948906731956e-03
-1.083676803312592571e-02
-4.919692098668596546e-03
-9.651280067688993228e-03
-5.920662611282980110e-03
-8.309802953340042139e-03
-6.651790668280061804e-03
-6.868407106638686581e-03
-7.116892645350939885e-03
-5.379698492531254962e-03
-7.328739903225699875e-03
-3.891125405317967176e-03
-7.307252757968576984e-03
-2.443788032812292937e-03
-7.077646045656122049e-03
-1.071730068774869602e-03
-6.668630258544108041e-03
1.983326043960127684e-04
-6.110750609217404684e-03
1.346908085466884831e-03
-5.434923654077290084e-03
2.361321283683361517e-03
-4.671209028312866759e-03
3.235078750887695944e-03
-3.847833762541977200e-03
3.967079081070469873e-03
-2.990469496002731448e-03
4.560736553479116835e-03
-2.121749197453924769e-03
5.023076943165648463e-03
-1.260999920415184668e-03
5.363853988470283080e-03
-4.241615304176529896e-04
5.594723928975994451e-03
3.761420914993757756e-04
5.728504662117791732e-03
1.130413624149981732e-03
5.778536054762097550e-03
1.832007554895026275e-03
5.758149222250601336e-03
2.476800084338540847e-03
5.680245395382516223e-03
3.062829745168430418e-03
5.556979416948602465e-03
3.589930332600559364e-03
5.399538896842159298e-03
4.059373142971263969e-03
5.218007468860299744e-03
4.473531083355088665e-03
5.021299234348975890e-03
4.835573168671661835e-03
4.817151119338581103e-03
5.149194403475557819e-03
4.612160278332718549e-03
5.418383124674423269e-03
4.411854626973106021e-03
5.647225574745551140e-03
4.220785879015029503e-03
5.839745757252675848e-03
4.042635933123957595e-03
5.999777444066987583e-03
3.880328968580864981e-03
6.130864486533775699e-03
3.736143066237323715e-03
6.236185253723366961e-03
3.611816503101912459e-03
6.318497003026078696e-03
3.508645033875055011e-03
6.380096210457503018e-03
3.427567451128550168e-03
6.422791287809764479e-03
3.369237506051257075e-03
6.447884639487329490e-03
3.334080885717086162e-03
6.456161622653332731e-03
3.322336402544636899e-03
6.447884639487332092e-03
3.334080885717081392e-03
6.422791287809773153e-03
3.369237506051257075e-03
6.380096210457479600e-03
3.427567451128588332e-03
6.318497003026087369e-03
3.508645033875032026e-03
6.236185253723362625e-03
3.611816503101961031e-03
6.130864486533762689e-03
3.736143066237350603e-03
5.999777444066989318e-03
3.880328968580861512e-03
5.839745757252654164e-03
4.042635933123965401e-03
5.647225574745537262e-03
4.220785879015062463e-03
5.418383124674427606e-03
4.411854626973106021e-03
5.149194403475575166e-03
4.612160278332685590e-03
4.835573168671671376e-03
4.817151119338569827e-03
4.473531083355080859e-03
5.021299234348977625e-03
4.059373142971271775e-03
5.218007468860289336e-03
3.589930332600571941e-03
5.399538896842155829e-03
3.062829745168430852e-03
5.556979416948603333e-03
2.476800084338521332e-03
5.680245395382525764e-03
1.832007554895041671e-03
5.758149222250603938e-03
1.130413624150035943e-03
5.778536054762066325e-03
3.761420914993886776e-04
5.728504662117789130e-03
-4.241615304176497912e-04
5.594723928975998788e-03
-1.260999920415176211e-03
5.363853988470246650e-03
-2.121749197453921300e-03
5.023076943165650197e-03
-2.990469496002750964e-03
4.560736553479151530e-03
-3.847833762541997583e-03
3.967079081070477679e-03
-4.671209028312884107e-03
3.235078750887684668e-03
-5.434923654077315237e-03
2.361321283683381032e-03
-6.110750609217388205e-03
1.346908085466887216e-03
-6.668630258544102837e-03
1.983326043959969932e-04
-7.077646045656116845e-03
-1.071730068774827318e-03
-7.307252757968558769e-03
-2.443788032812293804e-03
-7.328739903225688600e-03
-3.891125405317981487e-03
-7.116892645350926874e-03
-5.379698492531274044e-03
-6.651790668280085222e-03
-6.868407106638703061e-03
-5.920662611282961896e-03
-8.309802953340038670e-03
-4.919692098668589607e-03
-9.651280067689001901e-03
-3.655652948906682517e-03
-1.083676803312594999e-02
-2.147238174209285984e-03
-1.180891755680568179e-02
-4.259421775720452930e-04
-1.251173100376963380e-02
1.463639772749749908e-03
-1.289354961527615882e-02
3.464214508887761539e-03
-1.291026703791407423e-02
5.506987422066139497e-03
-1.252859884291377193e-02
7.513702374338776697e-03
-1.172920378886267018e-02
9.399522697728753678e-03
-1.050942875583706776e-02
1.107668982531237467e-02
-8.885439476465339589e-03
1.245882998155297544e-02
-6.893506746710931568e-03
1.346571307804162593e-02
-4.590245022379705470e-03
1.402820721645742404e-02
-2.051648052833215767e-03
1.409312309988254922e-02
6.291664605799881160e-04
1.362761116137251732e-02
3.345507191212177336e-03
1.262276553532122939e-02
5.981862779158335190e-03
1.109610692201907535e-02
8.419666278017148495e-03
9.092662746837341589e-03
1.054378057017035276e-02
6.684437180347732946e-03
1.224932956430304330e-02
3.968162274337832737e-03
1.344843580949267939e-02
1.061338722496141902e-03
1.407639012900341671e-02
-1.903297756439354272e-03
1.409677918583070351e-02
-4.784620807002896645e-03
1.350513606625301267e-02
-7.440888326304282742e-03
1.233075722535990036e-02
-9.737972850721908838e-03
1.063644303478144745e-02
-1.155750943844705524e-02
8.516061596877459033e-03
-1.280439932953726309e-02
6.089996050532025043e-03
-1.341312760250308427e-02
3.498701386478821930e-03
-1.335241719870948994e-02
8.947534891764130031e-04
-1.262784652998341639e-02
-1.566093693386158558e-03
-1.128219596455395587e-02
-3.734230370460923498e-03
-9.393448991403563833e-03
-5.475230441890533047e-03
-7.070543591181858122e-03
-6.677950146205118530e-03
-4.447133951626569895e-03
-7.261086754884734512e-03
-1.673768085646072223e-03
-7.177709288949575203e-03
1.090999250614292605e-03
-6.417427879294288276e-03
3.689966147579771573e-03
-5.006053981915207021e-03
5.976497291596779594e-03
-3.002804300590263160e-03
7.822995211203599003e-03
-4.952992967033996311e-04
9.128098656046260140e-03
2.407215183886790219e-03
9.822181435449103132e-03
5.581853505627686757e-03
9.870855786957646177e-03
8.900621726473871564e-03
9.276329865570804092e-03
1.223879988416902084e-02
8.076616390236402224e-03
1.548250730210833787e-02
6.342726787446842027e-03
1.853486896862532179e-02
4.174102246779193282e-03
2.132033746947611594e-02
1.692622743908122566e-03
2.378689934155745617e-02
-9.644065353854268646e-04
2.590609095642299256e-02
-3.651865215556201593e-03
2.767094906168830401e-02
-6.224600305062139884e-03
2.909220656528411705e-02
-8.544983662238107153e-03
3.019319813697246557e-02
-1.048989047374620544e-02
3.100404881085351214e-02
-1.195679943129354487e-02
3.155577234404943060e-02
-1.286877449198427920e-02
3.187490007732485947e-02
-1.317814718551967024e-02
3.197919640949167114e-02
